<!DOCTYPE html>
<html>
<head>
<meta charset="utf-8"/>
<style>body{background-color:white;}</style>
<script src="lib/htmlwidgets-1.5.1/htmlwidgets.js"></script>
<script src="lib/jquery-1.12.4/jquery.min.js"></script>
<link href="lib/leaflet-1.3.1/leaflet.css" rel="stylesheet" />
<script src="lib/leaflet-1.3.1/leaflet.js"></script>
<link href="lib/leafletfix-1.0.0/leafletfix.css" rel="stylesheet" />
<script src="lib/Proj4Leaflet-1.0.1/proj4-compressed.js"></script>
<script src="lib/Proj4Leaflet-1.0.1/proj4leaflet.js"></script>
<link href="lib/rstudio_leaflet-1.3.1/rstudio_leaflet.css" rel="stylesheet" />
<script src="lib/leaflet-binding-2.0.3/leaflet.js"></script>
<link href="lib/leaflet-markercluster-1.0.5/MarkerCluster.css" rel="stylesheet" />
<link href="lib/leaflet-markercluster-1.0.5/MarkerCluster.Default.css" rel="stylesheet" />
<script src="lib/leaflet-markercluster-1.0.5/leaflet.markercluster.js"></script>
<script src="lib/leaflet-markercluster-1.0.5/leaflet.markercluster.freezable.js"></script>
<script src="lib/leaflet-markercluster-1.0.5/leaflet.markercluster.layersupport.js"></script>

</head>
<body>
<div id="htmlwidget_container">
  <div id="htmlwidget-45458364e9f4a45c4a87" style="width:100%;height:400px;" class="leaflet html-widget"></div>
</div>
<script type="application/json" data-for="htmlwidget-45458364e9f4a45c4a87">{"x":{"options":{"crs":{"crsClass":"L.CRS.EPSG3857","code":null,"proj4def":null,"projectedBounds":null,"options":{}}},"calls":[{"method":"addTiles","args":["//{s}.tile.openstreetmap.org/{z}/{x}/{y}.png",null,null,{"minZoom":0,"maxZoom":18,"tileSize":256,"subdomains":"abc","errorTileUrl":"","tms":false,"noWrap":false,"zoomOffset":0,"zoomReverse":false,"opacity":1,"zIndex":1,"detectRetina":false,"attribution":"&copy; <a href=\"http://openstreetmap.org\">OpenStreetMap<\/a> contributors, <a href=\"http://creativecommons.org/licenses/by-sa/2.0/\">CC-BY-SA<\/a>"}]},{"method":"addMarkers","args":[[-32.9556172,-32.9796434,-32.9650706,-32.962751,-32.9474383,-32.9236043,-32.9733099,-32.9392527,-32.975922,-32.976066,-33.0237802,-32.9266114,-33.022163,-32.996402,-32.89383,-32.98824,-32.962546,-32.9917605,-32.9872292,-33.020551,-32.9152907,-32.9206561,-33.125638,-32.9174649,-32.9813242,-32.9565944,-32.9527953,-33.02342,-32.973889,-32.9921056,-32.9153027,-33.0146545,-33.026163,-32.979641,-32.9815893,-32.986905,-33.0031304,-32.885684,-33.0311851,null,-32.9514986,-32.930017,-32.911241,-33.0345248,-32.9535745,-32.9563622,-33.047099,-33.0204222,-32.965822,-32.9774233,-32.8430549,-32.982455,-32.989592,-32.9491596,-32.9590365,-33.0728252,-32.9058426,-32.9965381,-32.903506,-32.9458734,-32.922101,-32.9934119,-32.9181456,-32.9187122,-32.9923643,-32.9630602,-32.9611327,-33.0091333,-33.0336243,-33.024722,-32.8985575,-33.0129547,-32.995335,-32.993612,-32.994618,-33.0276286,-32.908117,-32.93094,-32.891431,-32.930113,-33.038954,-32.8367379,-33.0139052,-33.0112234,-32.9580191,-32.9836461,-33.011771,-32.9677266,-32.9173187,-32.996226,-32.9641274,-32.906304,-33.0105768,-32.9822881,-33.017431,-33.038711,-33.015752,-32.97948,-33.020085,-32.9842218,-32.984212,-32.92254,-32.840982,-32.8977113,-33.0014552,-32.913412,-32.900405,-33.0091557,-32.9682337,-32.97598,null,-32.989028,-33.009587,-32.958422,-32.9605454,-32.9887408,-32.964534,-32.94779,-33.0234377,-33.025192,-33.0004396,-32.9909344,-32.893653,-33.0137512,-32.930504,-33.020911,-32.9777646,-33.0152141,-33.025192,-32.9513822,-32.9642976,-33.0099342,-32.9333566,-32.894316,-32.9661416,-32.957689,-32.9175204,-32.909686,-32.9799794,-32.9350109,-32.9721902,-32.9751768,-33.025147,-33.025219,-32.9667606,-32.920976,-33.0029936,-32.9730242,-33.0285606,-32.9162351,-32.9660861,-33.0135339,-33.0214767,-33.1472268,-32.988201,-32.956464,-32.986741,-32.943628,-32.952805,-32.8910897,-32.968479,-32.968582,-32.984485,-32.9504955,-33.018879,-32.9682915,-32.9974,-32.9218477,-32.9232923,-32.9313912,-32.8829904,-32.982189,-32.959592,-33.026907,-32.900031,-32.986603,-32.8995559,-32.9787361,-33.028539,-33.028579,-32.9150526,-32.9444249,-32.944407,-33.023288,-32.9430476,-32.9235669,-32.9177857,-33.028604,-33.0193871,-32.9662294,-32.984319,-32.9800834,-32.9681074,-32.9533183,-32.9789343,-32.893812,-32.9909267,-32.966342,-32.9628194,-32.9015142,-32.9286944,-32.96407,-32.9857503,-32.959122,-32.9812266,-33.0231476,-32.9826801,-32.884345,-32.982693,-32.9804025,-32.9140388,-33.015568,-32.982342,-32.9229192,-33.0084991,-33.0097237,-32.901841,-32.8562833,-32.8875073,-33.0129098,-32.911488,-32.9942449,-32.9563527,-32.9765702,-32.8956452,-33.055677,-32.916073,-33.0327504,-32.8653599,-32.957066,-32.908663,-32.9197469,-32.9875682,-32.9931275,-33.020735,-33.024329,-32.886923,-33.024824,-32.984194,-32.9496675,-32.9484451,-32.9518512,-32.981078,-32.9812048,-33.014096,-32.9581683,-32.9730265,-32.9976264,-32.997635,-32.9374716,-32.998124,-32.9677979,-33.009677,-32.990524,-33.054133,-32.9313074,-32.9827519,-32.979726,-32.980086,-33.017015,-33.0283906,-32.9676226,-33.024676,-32.872997,-32.8733451,-32.9097335,-32.953514,-32.9978365,-32.9797854,-33.033491,-32.858757,-32.9681287,-32.9758103,-33.0169573,-32.9921878,-32.981281,-32.9552953,-33.0241,-33.0198576,-32.9858987,-32.9787602,-32.9216065,-32.9943036,-32.9896096,-32.889175,-32.9833569,-32.8897809,-32.9193658,-32.9527291,-33.0291162,-33.02946,-32.9645813,-32.986378,-32.9848703,-33.0307922,-32.9520388,-32.9530141,-32.923904,-32.9698722,-33.0279121,-32.9320244,-33.0062202,-33.015242,-33.024672,-32.9159226,-32.9582087,-32.8890227,-32.9316918,-32.9659939,null,-32.906079,-32.9241644,-32.9873231,-33.032017,-32.9377064,-32.9860027,-32.9860022,-32.9930437,-32.9820016,-32.9252207,-32.8976648,-32.9661556,-32.9271741,-33.0098302,-33.0296201,-33.0170863,-32.882754,-33.003267,-33.029953,-32.986003,-32.9786077,-32.9998829,-32.9286148,-32.9063133,-32.9884449,-32.9252595,-32.9256636,-33.0155206,-32.948278,-33.04189,-33.010568,-32.9386536,-33.0184181,-32.9733843,-32.887685,-32.9629283,-33.0100288,-32.9745978,-32.977625,-32.967517,-32.9362594,-32.847528,-32.9535561,-32.9818998,-32.9596309,-32.865384,-32.965489,-32.9616103,-32.9974074,-32.917901,-32.917144,-32.9982952,-32.998682,null,-32.954807,-32.9624803,-32.9729489,-32.975508,-32.962482,-33.0072864,-32.911505,-33.0113532,-32.921118,-32.9034943,-32.9862295,-33.0099004,-33.012985,-32.9196594,-32.9127741,-32.9690375,-32.9690876,-32.9569882,-32.9245701,-32.9380419,-32.987431,-32.9693875,-32.998402,-32.9181373,-33.007998,-32.966003,-32.9694222,-32.9357965,-32.9368588,-32.99891,-32.97354,-32.9575089,-32.9499902,-33.0010661,-33.0341957,-32.9015504,-32.985941,-33.0237717,-33.0285565,-33.009656,-32.9782801,-33.0345084,-33.008457,-32.9329094,-32.940633,-33.0150881,-32.9538281,-32.9706218,-32.859692,-32.8873125,-32.9070986,-32.9706611,-32.8797035,-32.9364754,-32.9303712,-33.0313786,-32.918849,-33.0118019,-32.9760192,-32.870995,-33.0322292,-32.9200092,-32.9682105,-32.9383401,-32.9144436,-33.021132,-32.934009,-33.0179571,-32.8901927,-32.9973554,-32.8921274,-32.9573957,-32.9631883,-32.994232,-32.9698608,-32.972568,-32.9978986,-33.0181439,-32.862658,-32.954959,-32.9864263,-33.07105,-32.905152,-32.8676538,-32.9693681,-32.9860176,-32.963833,-33.0300623,-32.9597625,-32.9714392,-32.9983063,-32.983456,-32.9157725,-32.954587,-32.892546,-32.9437774,-32.978564,-32.9689144,-32.912517,-33.024739,-32.994168,-32.860389,-32.860443,-33.0535972,-32.995182,-33.020103,-32.9764095,-32.991095,-32.9700777,-32.9136311,-32.9756666,-32.9987678,-33.007132,-32.999298,-32.9836325,-32.959559,-32.991094,-32.9689203,-33.008977,-33.0116,-32.921829,-33.1525845,-32.9744993,-33.024853,-32.944221,-32.986963,-32.986369,-33.008244,-32.9160728,-32.929432,-32.992592,-32.9908445,-32.969585,-32.96837,-32.9201914,-33.048711,-33.0295393,-33.009375,-32.8915151,-32.9133797,-32.9809284,-32.9645363,-32.9710671,-32.855919,-32.9987698,null,-32.9789057,-33.019258,-32.9594935,-32.9647212,-32.9620854,-32.9664181,-32.980933,-32.9287812,-32.9454696,-33.0271638,-32.978707,-32.9200641,-32.955573,-32.979962,-32.9559313,-32.9536771,-32.8992225,-32.963911,-32.9203831,-32.957504,-32.9737521,-32.998197,-32.9158881,-32.9049141,-32.9852742,-32.9737446,-32.8912619,-33.035139,-32.9199899,-32.9661487,-32.9319302,-32.9622891,-32.961032,-32.9809293,-32.882754,-33.047598,-32.9742416,-33.135734,-33.0281579,-32.8871774,-32.989733,-32.989733,-32.9208307,-32.9871772,-32.9528187,-32.9109918,-32.919715,-32.987512,-33.018684,-33.0134644,-32.864629,-32.9507636,-32.9353399,-32.9885362,-32.9160306,-32.9624388,-32.9983104,-33.012982,-32.990285,-32.965103,-32.9092459,-33.0145676,-32.9944224,-32.907191,-32.9393967,-32.9597221,-32.910213,-32.8945686,-32.9286,-33.0111407,-32.998702,-33.0109538,-33.025551,-32.96814,-33.008003,-32.9723178,-33.028518,-33.031426,-32.955181,-33.033915,-32.995963,-32.9669237,-32.9784644,-33.0106113,-33.0123916,-33.073408,-32.982783,-32.907359,-32.970751,-32.9653369,-33.02105,-32.9628026,-32.985496,-32.9657611,-32.9426185,-32.906743,-32.9553934,-32.9323239,-33.023276,-32.956189,-32.9640398,-32.907835,-32.9523963,-33.0004288,-32.9894764,-32.94209,-32.9763515,-32.9861245,-32.912482,-32.9768954,-32.9258405,-32.918222,-32.9530505,-32.913956,-32.955567,-32.9215838,-32.9402459,-33.013632,-33.015822,-33.0279102,-32.9247705,-33.039814,-32.9707154,-32.9894744,-32.9017569,-33.0157881,-32.9813004,-32.9873255,-32.862552,-32.993208,-32.9925423,-32.996059,-32.9950911,-32.982635,-32.90847,-32.9180237,-32.918006,-32.9749591,-32.9658409,-32.955556,-32.952299,-33.0096564,-33.022391,-32.8862206,-32.9383089,-32.9141123,-33.0034058,-32.9409564,-33.028936,-32.959693,-32.8925463,-32.90882,-32.9773106,-32.937169,-32.9657809,-32.9809895,-33.1476063,-32.9398262,-32.992876,-32.9533563,-32.95418,-32.9989789,-33.021826,-32.9465827,-32.978702,-33.0182267,-32.929708,-33.011115,-33.0301514,-32.8819282,-32.9674838,-32.981933,-33.000329,-33.000977,-33.006743,-32.886895,-33.011359,-32.9165561,-33.0266431,-32.983438,-33.0263876,-32.9548122,-33.0072423,-32.992448,-33.0346442,-32.9162738,-32.9908775,-32.991098,-32.977002,-32.8850473,-32.9829864,-33.023487,-32.908307,-33.0209266,-33.0150529,-32.963074,-32.878476,-32.8785,-32.9798373,-32.915254,-33.0973197,-32.98516,-33.009228,-32.943952,-32.9868762,-32.985727,-32.9495241,-32.9238683,-32.981433,-32.96014,-32.8771257,-32.9788637,-32.95614,-32.9974129,-32.9442191,-32.9657619,-32.9422284,-32.982639,-32.984423,-32.9182601,-32.8969518,-32.9875797,-32.9921016,-33.0097916,-32.984544,-32.956579,-32.9088491,-32.973146,-32.888176,-32.9649357,-33.0043296,-32.9474578,-33.098954,-32.9138514,-32.9384583,-33.0057547,-32.917648,-32.947284,-33.01062,-32.9650168,-32.9246159,-33.046178,-32.9785695,-32.9657976,-32.889737,-32.9519085,-32.9575301,-32.988867,-32.989052,-33.0198036,-32.9841342,-32.959806,-32.9844021,-33.0199573,-33.0201048,-32.9194424,-32.959571,-32.9748256,-32.9821324,-32.9365304,-33.0048287,-32.9166142,-32.997153,-33.0009698,-32.9355535,-32.916626,-32.8847422,-33.011671,-33.011832,-33.02623,-32.9578978,-32.9399235,-32.9967407,-32.91363,-32.872304,-33.003204,-33.025867,-33.0697577,-32.914399,-33.0329147,-33.023464,-32.940497,-32.9971179,-32.9247017,-33.014951,-32.9950906,-32.992458,-32.966531,-32.9664079,-32.9853424,-32.9597748,-32.9882199,-32.9604358,-32.9494275,-32.978874,-32.9717814,-32.8859228,-32.9576099,-33.0008396,-32.9683666,-32.936506,-32.9879985,-32.9217768,-33.019325,-32.9876675,-32.966617,-33.0367695,-33.0224784,-32.996431,-33.014945,-32.9581997,-33.0253093,-33.0331306,-32.963,-32.9798218,-32.9137718,-32.910392,-33.0260952,-32.9705802,-32.910053,-32.9660517,-32.867032,-32.992491,-32.954881,-32.9330564,-32.910891,-33.0260461,-32.8992345,-32.9814526,-32.9854574,-32.978215,-32.959489,-32.989834,-32.99815,-33.0080535,-32.955358,-32.9480872,-32.9201791,-32.8946969,-32.8583301,-32.991434,-32.9634766,-33.023291,-33.0147298,-32.995098,-32.8457084,-32.9131395,-32.9582026,-33.0128866,-32.8777133,-32.9143,-32.8671735,-32.9777159,-32.9382862,-33.0188544,-32.91546,-33.047382,-32.9399386,-32.9704443,-32.9696559,-32.962301,-32.963137,-32.953061,-32.9611632,-33.0219809,-32.9791191,-32.9079075,-32.917782,-33.033227,-32.923751,-32.9717198,-32.9731249,-32.9123464,-32.994343,-32.999783,-32.9559122,-32.9795586,-32.992553,-33.0247345,-32.9515679,-32.951998,-32.97979,-32.972437,-33.023435,-32.9909851,-32.9732257,-32.9213795,-32.9810761,-32.992547,-32.963493,-32.9865903,-32.9592213,-32.966183,-32.995508,-32.984487,-33.030103,-32.992438,-32.968396,-32.9943643,-32.9878325,null,-32.9725257,-32.972601,-33.0116342,-32.9532977,-32.9788347,-32.8655601,-32.995255,-32.9655245,-32.9319783,-32.9405468,-32.9227284,-33.0181014,-32.962286,-33.0387235,-33.0169862,-32.977609,-32.9637097,-32.957004,-32.9658971,-32.9964077,-32.980283,-32.8848161,-33.0224113,-33.0258293,-32.9693194,-32.9992477,-32.961075,-32.9245444,-32.9800491,-32.9299799,-32.979702,-33.0128105,-32.9863284,-32.995789,-32.992566,-33.0118089,-32.9985646,-32.9072122,-32.9198264,-32.9819578,-33.021442,-32.9692977,-33.0121587,-32.9507555,-32.951188,-32.98691,-33.034624,-32.911352,-32.985948,-32.930615,-32.978745,-33.020184,-32.9390836,-33.0134412,-32.8504252,-32.9814047,-32.988201,-32.9360159,-32.8541739,-33.023474,-32.968246,-32.9546835,-32.9273272,-32.907466,-32.964525,-32.9748,-32.9008339,-32.925183,-32.9153335,-33.0165369,-33.018527,-32.980621,-32.9836522,-32.9837007,-32.987911,-33.01247,-32.985043,-32.9124737,-32.9368282,-33.0335998,-32.9522886,-33.0295243,-32.9593927,-33.020706,-32.914001,-32.930449,-32.9561155,-33.0037184,-33.004244,-32.9852949,-33.006017,-32.98053,-32.9780027,-32.9632153,-33.0151125,-32.988544,-32.991396,-33.0201602,-32.9853195,-32.9979809,-32.909177,-32.9196709,-32.971991,-33.0157215,-32.964728,-32.9725912,-32.997205,-33.0214967,-32.944261,-32.9389683,-32.999365,-32.852293,-33.0118092,-32.981464,-32.981862,-33.0377617,-32.9908789,-32.9915608,-32.936906,-32.9652763,-33.030502,-32.9767691,-32.90536,-32.9786983,-32.93691,-32.990317,-33.148202,-32.915848,-33.031052,-33.0236656,-32.888181,-32.965714,-32.9845374,-32.984338,-32.9913616,-33.09829,-32.962934,-33.053733,-33.096511,-32.9797547,-32.9923801,-32.9591055,-32.854114,-33.034162,-33.0919311,-33.091156,-33.09246,-32.9635268,-32.99245,-32.916575,-32.9211167,-32.98298,-32.963934,-32.9672682,-32.996953,-32.998826,-32.8593975,-32.989777,-32.9828479,-32.9797216,-32.9962949,-32.9488394,-33.0100844,null,-33.0065395,-32.9180637,-32.9132396,-32.975634,-32.9432473,-32.885179,-32.9542787,-32.8882294,-32.952258,-32.95227,-32.9824258,-32.98245,-33.0336353,-32.964833,-32.9737251,-32.959423,-32.888802,-32.9820078,-32.966626,-33.005982,-32.99909,-32.9784376,-32.990917,-33.0070296,-33.015781,-33.025035,-32.98736,-32.987259,-32.892012,-33.09166,-32.984594,-32.9771286,-32.976954,-32.9642051,-33.033092,-32.9264072,-33.011981,-33.036841,-32.998188,-33.029068,-33.029112,-33.0140838,-32.9217444,-32.982593,-32.9157961,-32.9679,-32.955221,-33.0192654,-32.9629872,-32.962671,-33.0341266,-32.94887,-32.984154,-32.98383,-32.984541,-32.959699,-32.908165,-32.9847174,-32.888637,-33.067648,-32.9566391,-32.96153,-33.0052082,-33.007252,-32.8891776,-32.9424757,-32.988161,-33.0101072,-32.9989117,-32.9875472,-32.967506,-32.9211813,-32.9852554,-32.867413,-33.0330827,-32.980904,-32.9138191,-32.9817047,-32.85398,-32.853696,-32.853376,-32.997406,-32.951296,-32.9733769,-32.918492,-32.9377163,-32.9933995,-32.981493,-32.993502,-33.177227,-32.9862025,-32.9158211,-32.957521,-32.986173,-32.995178,-32.9623388,-32.9227566,-32.981567,-32.9552066,-33.015698,-32.96304,-33.096806,-32.952145,-32.899401,-33.017914,-32.9912423,-32.9653761,-32.9631782,-32.9861279,-32.9483513,-32.9788868,-32.9524883,-32.9730283,-32.9462486,-32.997712,-32.8993932,-32.937008,-32.9611,-32.920198,-33.0261548,-32.9675411,-33.026199,-33.0276402,-32.8471481,-33.0142767,-32.8848869,-32.9555671,-33.015612,-32.9794652,-32.8969675,-32.987471,-32.9544255,-32.9203799,-32.930038,-32.93912,-33.019864,-33.0108185,-33.020412,-32.9171197,-32.9805827,-32.981021,-32.9148131,-33.029637,-32.9424451,-32.8968425,-32.9564683,-33.0225737,-32.961839,-32.950988,-32.954336,-32.9943725,-33.021208,-32.97252,-32.910175,-33.0372901,-32.969054,-32.9059471,-33.034535,-33.014226,-32.934761,-32.986317,-32.985863,-32.9565318,-32.973476,-32.9845957,-32.985674,-32.985664,-32.8948758,-33.015831,-33.01584,-32.8978992,-32.8901901,-32.881034,-32.957198,-32.9942335,-32.979181,-32.9898596,-33.032179,-33.036499,-33.015708,-32.9825151,-33.0264658,-33.02192,-32.9516867,-33.0203528,-33.017472,-32.9854003,-32.9802615,-32.9312917,-32.9045148,-32.9051038,-32.9124843,-32.9193703,-32.972424,-32.926991,-33.0098956,-32.981474,-32.914794,-32.929264,-32.90558,-33.0235007,-32.9008908,-32.9343027,-33.035035,-32.930006,-32.917991,-32.917342,-32.9593682,-32.8716747,-32.9374267,-32.9132149,-32.9305202,-32.986437,-32.991161,-33.0342212,-32.98104,-32.993589,-33.016964,-32.981402,-32.930011,-33.0199299,-32.963791,-32.8497166,-32.9925531,-32.9563627,-33.063464,-33.0244238,-32.9195075,-33.0296535,-32.9462492,-32.972653,-32.973052,-32.9913546,-32.991353,-33.0094482,-32.9846325,-33.042623,-33.0208877,-32.936528,-32.966169,-32.9985921,-32.9369954,-32.8592061,-33.0312576,-32.9306036,-32.9203027,-32.9179825,-32.9690206,-32.959098,-32.9810979,-32.8915019,-33.0154258,-32.925211,-32.960791,-32.993123,-32.985703,-32.91811,-32.9961586,-33.0353664,-32.9770706,-32.918559,-32.9285549,-32.9518876,-32.963696,-32.9340539,-32.9922879,-32.9859251,-33.0100991,-32.9795523,-33.012216,-33.0078122,-32.9240501,-33.012596,-32.9685397,-32.968613,-32.98963,-32.9731178,-33.0156379,-32.8861215,-32.97718,-32.963626,-33.019974,-32.9530443,-33.016983,-32.9482944,-32.9638175,-32.9438755,-32.866778,-33.0034482,-32.9434692,-32.98333,-33.030271,-32.9134298,-32.9154229,-32.931657,-33.019886,-33.053572,-32.951007,-32.9279071,-32.9635369,-32.9329271,-33.0034782,-33.003415,-32.907448,-32.9679093,-32.92788,-32.8519279,-32.9423076,-32.913988,-32.858793,-33.0382955,-32.97041,-32.960265,-32.964935,-32.9688015,-32.910645,-32.9639465,-32.9996618,-32.953558,-32.9943584,-32.996599,-32.9546449,-32.954834,-32.9826572,-32.9723212,-32.992221,-32.9982815,-32.998256,-32.9725349,-32.885847,-32.912321,-33.023167,-32.894456,-32.970574,-32.9893966,-33.0179646,-32.8799422,-32.880048,-32.879941,-32.9137394,-33.0212678,-32.876823,-32.8640575,-32.9553467,-32.9534304,-33.019547,-32.969747,-33.010334,-32.995998,-33.0263865,-32.972932,-32.9562853,-32.937616,-33.0193963,-32.906345,-32.9180864,-33.108674,-32.910369,-33.111013,-33.0016288,-32.899025,-32.982592,-32.9668362,-33.0061601,-33.006394,-33.0070974,-33.0260391,-32.9759127,-32.999346,-32.988071,-32.985679,-32.884667,-32.9811342,-33.0151289,-32.867377,-32.868073,-32.965876,-32.9555021,-32.879105,-32.9595088,-32.963557,-33.015117,-33.012978,-33.013466,-33.010379,-33.0098675,-32.9385833,-32.988214,-32.9704674,-32.9724227,-32.9405009,-32.9682288,-33.030842,-32.860586,-32.991827,-33.0055032,-32.972734,-33.0118826,-32.990386,-32.9576501,-32.963367,-32.955234,-32.91315,-32.8734081,-33.041399,-33.0383557,-32.9808793,-32.9641492,-32.9157398,-32.91573,-32.915741,-32.9641212,-33.0223069,-32.9164837,-32.952809,-32.9881,-32.949093,-32.8544426,-32.9684217,-33.0124965,-33.012679,-32.977793,-32.9761611,-33.021168,-32.9546886,-32.981547,-32.9740128,-32.9981434,-33.026437,-32.838557,-32.9449585,-32.985562,-32.9644154,-32.997355,-32.9341151,-32.961054,-32.9997449,-32.973366,-32.997346,-32.948182,-32.9803796,-32.9759538,-33.0818309,-32.9368709,-32.911243,-32.9438229,-32.9621951,-33.02765,-32.888238,-32.97613,-32.974109,-32.9577227,-32.979066,-32.9744217,-32.8400183,-32.985832,-32.984557,-33.025804,-32.963659,-32.9614764,-32.8616251,-32.960729,-32.969437,-32.953967,-32.961043,-32.913608,-32.967608,-32.94383],[-60.6709311,-60.7007701,-60.7058124,-60.691719,-60.7110796,-60.7063774,-60.6749908,-60.6708497,-60.706929,-60.707487,-60.6806045,-60.6759428,-60.6609815,-60.665901,-60.729523,-60.635359,-60.651724,-60.6345633,-60.6656044,-60.685955,-60.7291639,-60.7133789,-60.510926,-60.6900118,-60.7087068,-60.6450774,-60.6397636,-60.601191,-60.709525,-60.6405961,-60.7081562,-60.6900572,-60.670956,-60.670206,-60.6280257,-60.63635,-60.6517839,-60.701663,-60.6397018,null,-60.6865334,-60.7297508,-60.735341,-60.6300845,-60.7210668,-60.723839,-60.658785,-60.6367384,-60.687207,-60.6561095,-60.7105618,-60.667675,-60.654618,-60.6433352,-60.7015216,-60.5786768,-60.702389,-60.629697,-60.6881462,-60.7228027,-60.694124,-60.6291676,-60.7098659,-60.7375109,-60.7027786,-60.6823497,-60.6938887,-60.608627,-60.6434467,-60.601434,-60.7093468,-60.6045456,-60.675789,-60.675432,-60.677308,-60.6891918,-60.7143354,-60.6969124,-60.7293113,-60.68858,-60.6179551,-60.7160727,-60.6570446,-60.6582325,-60.7025718,-60.6315874,-60.604494,-60.6764082,-60.7955722,-60.676177,-60.686753,-60.736044,-60.6461106,-60.6686845,-60.662263,-60.613115,-60.652953,-60.6435764,-60.65822,-60.6771384,-60.677344,-60.69188,-60.696995,-60.7084512,-60.6620241,-60.698939,-60.711982,-60.6573019,-60.7194892,-60.6770597,null,-60.646153,-60.641089,-60.688162,-60.6256453,-60.6726469,-60.691956,-60.738394,-60.6205547,-60.601118,-60.6606427,-60.6313581,-60.720608,-60.6893771,-60.727388,-60.655339,-60.6861606,-60.6092968,-60.600195,-60.7063618,-60.7310464,-60.6809958,-60.6635719,-60.721107,-60.6851277,-60.6950978,-60.7280475,-60.704826,-60.66811,-60.7307398,-60.699057,-60.688595,-60.599498,-60.602137,-60.6814014,-60.712213,-60.6606334,-60.7000158,-60.6522675,-60.7352569,-60.6788576,-60.6559988,-60.6414083,-60.5190696,-60.635253,-60.725379,-60.630234,-60.64546,-60.692423,-60.7186814,-60.680881,-60.680918,-60.629485,-60.679176,-60.662591,-60.7432876,-60.658969,-60.7146339,-60.6985127,-60.7053835,-60.7236849,-60.669178,-60.72101,-60.637894,-60.7047273,-60.636363,-60.713379,-60.6550161,-60.652406,-60.65274,-60.7176567,-60.7054691,-60.705866,-60.599618,-60.6560922,-60.6841183,-60.7097713,-60.653151,-60.6621717,-60.6846045,-60.6706082,-60.6810037,-60.6866473,-60.7108794,-60.6478157,-60.719459,-60.6537391,-60.690409,-60.6836989,-60.6984051,-60.6964162,-60.683312,-60.6291489,-60.721943,-60.7062645,-60.6469002,-60.7062022,-60.747668,-60.6327027,-60.7010807,-60.7444569,-60.641183,-60.668255,-60.6886831,-60.6118736,-60.6057205,-60.703802,-60.7129703,-60.6869344,-60.6592037,-60.692522,-60.6565693,-60.7200268,-60.6871839,-60.7063078,-60.656741,-60.716179,-60.6370061,-60.7137611,-60.660965,-60.728361,-60.6967341,-60.6324483,-60.6680621,-60.661032,-60.624465,-60.730841,-60.62498,-60.67788,-60.6418845,-60.690032,-60.6425344,-60.661869,-60.7042452,-60.60554,-60.6882416,-60.6265802,-60.6650912,-60.665574,-60.7422577,-60.621878,-60.6892251,-60.664521,-60.6403947,-60.573429,-60.6615224,-60.665987,-60.625708,-60.625891,-60.658109,-60.6892066,-60.6835201,-60.617577,-60.688088,-60.6880555,-60.7284684,-60.644324,-60.6217174,-60.6624431,-60.63984,-60.723701,-60.6926785,-60.6713093,-60.6567632,-60.6353051,-60.70672,-60.6966882,-60.653983,-60.6425726,-60.6378935,-60.7074559,-60.705279,-60.6604255,-60.6344446,-60.699697,-60.6358618,-60.7181069,-60.7026191,-60.6325087,-60.6880598,-60.6438945,-60.6928324,-60.630724,-60.6375275,-60.6289158,-60.6631295,-60.6514374,-60.70753,-60.7115038,-60.6144942,-60.6950602,-60.6447775,-60.604142,-60.617657,-60.7089131,-60.6425618,-60.7257125,-60.6896162,-60.6859892,null,-60.704584,-60.7051987,-60.6338377,-60.596466,-60.6788968,-60.6696512,-60.6681858,-60.6507885,-60.636801,-60.704008,-60.7563366,-60.7214507,-60.6970897,-60.6593524,-60.6466556,-60.6605968,-60.7208742,-60.724544,-60.6246680999999,-60.670295,-60.6287636,-60.6634901,-60.6938777,-60.7355502,-60.6341724,-60.7051457,-60.6991189,-60.6568204,-60.703345,-60.65001,-60.634578,-60.6973969,-60.6068114,-60.6778074,-60.687049,-60.6495727,-60.6871314,-60.7393973,-60.7020393,-60.692732,-60.6948462,-60.710801,-60.7121962,-60.6600616,-60.7203518,-60.689238,-60.765133,-60.6988809,-60.6584279,-60.708801,-60.732748,-60.6680127,-60.667891,null,-60.65971,-60.7233393,-60.6981154,-60.6797776,-60.723718,-60.663259,-60.677838,-60.6502717,-60.690491,-60.6979558,-60.6782431,-60.661594,-60.64865,-60.693293,-60.7269294,-60.6423017,-60.7308598,-60.7152102,-60.7004389,-60.7584144,-60.636439,-60.7011753,-60.689549,-60.7512918,-60.633421,-60.689518,-60.7045387,-60.6569787,-60.7092519,-60.6851599,-60.691666,-60.6930905,-60.6478435,-60.6836036,-60.6617584,-60.6939952,-60.6624984,-60.6436114,-60.6356976,-60.604814,-60.6776467,-60.6296797999999,-60.633797,-60.6937194,-60.725279,-60.6466144,-60.6400111,-60.6981622,-60.706499,-60.7023652,-60.6977289,-60.6599635,-60.7023966,-60.6529082,-60.7273837,-60.6465587999999,-60.69014,-60.635643,-60.6441752,-60.690415,-60.6289898,-60.7061515,-60.6736801,-60.6832377,-60.6933966,-60.604863,-60.840237,-60.6887824,-60.7269989,-60.65638,-60.7003688,-60.6737981,-60.7376399,-60.675791,-60.710696,-60.689653,-60.6749631,-60.6567127,-60.884315,-60.7279468,-60.6321816,-60.611751,-60.6970446,-60.7283053,-60.6961461,-60.6345135,-60.624337,-60.6297840999999,-60.7250895,-60.6488267,-60.6882858,-60.634225,-60.7444255,-60.689449,-60.7307577,-60.719447,-60.684843,-60.7021995,-60.710065,-60.617625,-60.621417,-60.70804,-60.707881,-60.6185066,-60.675265,-60.659699,-60.6921293,-60.6354182,-60.7070011,-60.7064434,-60.6784943,-60.7004941,-60.6423545,-60.6653705,-60.6873427,-60.721543,-60.6346073,-60.6496265,-60.633466,-60.635591,-60.834865,-60.5006172,-60.6959593,-60.654131,-60.719357,-60.635769,-60.634835,-60.6447104,-60.7157288,-60.692822,-60.629535,-60.6286361,-60.7415151,-60.741558,-60.711395,-60.570718,-60.593764,-60.633593,-60.6932295,-60.7082329,-60.6957081,-60.704692,-60.709763,-60.722211,-60.7013826,null,-60.6607364,-60.660827,-60.6885671,-60.6963382,-60.6274492999999,-60.738224,-60.6354969,-60.7002915999999,-60.6466539,-60.6467602,-60.647826,-60.6801738,-60.727331,-60.689386,-60.7273184,-60.7254286,-60.6982444999999,-60.6439965999999,-60.7146953,-60.692271,-60.6925635,-60.6836659,-60.7081359,-60.7075237,-60.6333446999999,-60.703211,-60.7228463,-60.6227185,-60.7053641,-60.6775519999999,-60.7188475,-60.6929030999999,-60.720165,-60.6365565,-60.7208741999999,-60.62352,-60.7022279,-60.510722,-60.681672,-60.7344379999999,-60.768118,-60.767389,-60.7076258,-60.6613855,-60.6932729999999,-60.6787929,-60.731927,-60.635849,-60.660671,-60.6592870999999,-60.689326,-60.6906239,-60.6724238,-60.6643966,-60.712356,-60.6923079,-60.6889628,-60.604985,-60.635524,-60.736568,-60.6857184,-60.6469774,-60.6321002,-60.69391,-60.7057048,-60.6871755,-60.729384,-60.6909213,-60.718339,-60.658539,-60.6621469,-60.6483968,-60.770307,-60.6936089,-60.6516649,-60.6505129,-60.687199,-60.628155,-60.6860405,-60.652995,-60.731413,-60.6272405,-60.6833812,-60.6110069,-60.6355959,-60.598261,-60.632743,-60.704966,-60.682203,-60.662993,-60.658574,-60.6233805,-60.637648,-60.7127758,-60.7171813,-60.677005,-60.7279368,-60.6603905,-60.599159,-60.727321,-60.6897531,-60.706058,-60.6881986,-60.6849633,-60.6355007,-60.642653,-60.6919896,-60.625531,-60.733027,-60.6787186,-60.7051264,-60.704441,-60.6911952,-60.742884,-60.732309,-60.7041377,-60.7383677,-60.6499501,-60.641092,-60.6345113,-60.7074685,-60.684992,-60.7018925,-60.6619827,-60.708488,-60.6461869,-60.6741542,-60.6338239,-60.727513,-60.735089,-60.6287141,-60.61997,-60.653555,-60.626452,-60.7391816,-60.7467056,-60.7475,-60.676097,-60.6802025,-60.677345,-60.623544,-60.6358398,-60.658701,-60.7196028,-60.7232427,-60.7468574,-60.6574632,-60.6496856,-60.682012,-60.6743953,-60.7307698,-60.710215,-60.6830877,-60.702559,-60.6927862,-60.6970257,-60.5186666,-60.7249103,-60.613592,-60.7256371,-60.72561,-60.6850332,-60.712855,-60.7125128,-60.691825,-60.6605848,-60.708437,-60.6570526,-60.6438789,-60.7476033,-60.6777604,-60.668615,-60.6295356,-60.629522,-60.648574,-60.70627,-60.661528,-60.7327751,-60.6813455,-60.635421,-60.6165941,-60.7256057,-60.6457613,-60.732593,-60.6117844,-60.813545,-60.6551931,-60.655234,-60.71245,-60.72576,-60.6312395,-60.594318,-60.72371,-60.6574975,-60.6893467,-60.688794,-60.742525,-60.743852,-60.7063198,-60.746811,-60.7962558,-60.629034,-60.633644,-60.708936,-60.6363622,-60.6377,-60.677508,-60.7157181,-60.658545,-60.65659,-60.709997,-60.6274231,-60.664948,-60.6577583,-60.6803659,-60.687877,-60.6909861,-60.691799,-60.62648,-60.7009105,-60.6988796,-60.6324512,-60.6967549,-60.6585673,-60.629156,-60.7030308,-60.6951675,-60.701529,-60.70242,-60.6892405,-60.6517334,-60.7237251,-60.557565,-60.7375726,-60.6747095,-60.67381,-60.7327377,-60.720462,-60.60961,-60.6914731,-60.6655007,-60.685908,-60.6983235,-60.6872977,-60.717348,-60.6909162,-60.7408351,-60.62214,-60.621864,-60.6586078,-60.631558,-60.740407,-60.6634522,-60.6887544,-60.6530494,-60.7473354,-60.687817,-60.7042965,-60.6857158,-60.6458265,-60.7873452,-60.7166666,-60.664801,-60.6778479,-60.6987521,-60.7351216,-60.7047496,-60.66153,-60.661496,-60.689563,-60.7199633,-60.6410175,-60.6365822,-60.704683,-60.69898,-60.759999,-60.670248,-60.5715066,-60.712344,-60.6892429,-60.660646,-60.722317,-60.6198004,-60.7049726,-60.690073,-60.6535398,-60.625807,-60.629266,-60.6704227,-60.6319285,-60.7250891,-60.6354313,-60.6299159,-60.6646673,-60.702898,-60.7364955,-60.7079839,-60.696595,-60.6491351,-60.6794345,-60.725047,-60.6365287,-60.7090667,-60.661562,-60.6586854,-60.699399,-60.6550629,-60.6441883,-60.62747,-60.64493,-60.6726004,-60.6042246,-60.6464882,-60.6894416,-60.7054449,-60.7352629,-60.704811,-60.6873156,-60.6871809,-60.704807,-60.7165584,-60.761476,-60.627112,-60.66112,-60.6975594,-60.710137,-60.6860452,-60.7059473,-60.6599284,-60.6709031,-60.6847391,-60.690777,-60.621713,-60.627559,-60.653046,-60.7261437,-60.695682,-60.717651,-60.730688,-60.7122733,-60.623075,-60.6928765,-60.598588,-60.6092995,-60.655038,-60.704283,-60.715162,-60.6353989,-60.6444954,-60.7245789,-60.708917,-60.7637944,-60.6874752,-60.7251523,-60.6470462,-60.6941064,-60.624098,-60.6665559,-60.6543664,-60.7092224,-60.6929028,-60.692905,-60.682539,-60.695169,-60.6534684,-60.686408,-60.7102366,-60.7349998,-60.653645,-60.702921,-60.7340385,-60.7010404,-60.7283303,-60.6287329,-60.686707,-60.6419743,-60.6705712,-60.629329,-60.6413765,-60.6855048,-60.686671,-60.704529,-60.706989,-60.594636,-60.6328774,-60.7043761,-60.6980056,-60.6819574,-60.628473,-60.679844,-60.6379586,-60.693967,-60.686094,-60.615444,-60.670649,-60.629875,-60.62547,-60.725266,-60.6288504,-60.6311052,null,-60.6790402,-60.678607,-60.6375528,-60.689855,-60.709035,-60.7180863,-60.6288238,-60.666154,-60.6988508,-60.7248366,-60.6979291,-60.6526212,-60.690591,-60.6129472,-60.6574911,-60.687463,-60.6250148,-60.715796,-60.6731198,-60.6653888,-60.709293,-60.7206437,-60.6424675,-60.6401482,-60.6948608,-60.6635218,-60.727848,-60.7022208,-60.6610336,-60.6938857,-60.69515,-60.6421323,-60.6264844,-60.6436332,-60.629109,-60.6056665,-60.6403909,-60.6881671,-60.691566,-60.6621734,-60.640904,-60.6810874,-60.6157927,-60.6362696,-60.636361,-60.636212,-60.65614,-60.704789,-60.637752,-60.710546,-60.6883,-60.654553,-60.6491718,-60.6421518,-60.7059083,-60.7068271,-60.635664,-60.7459698,-60.719097,-60.600007,-60.6666136,-60.7250114,-60.6669159,-60.709877,-60.739306,-60.7031653,-60.7039685,-60.7028864,-60.7280874,-60.6053501,-60.687387,-60.661168,-60.6342985,-60.6273713,-60.752144,-60.644871,-60.630407,-60.7329114,-60.7081342,-60.6107294,-60.688251,-60.6396896,-60.7106247,-60.6566,-60.709338,-60.701651,-60.6807632,-60.6712971,-60.67127,-60.6331246,-60.750658,-60.695118,-60.659096,-60.6880718,-60.6058038,-60.622997,-60.625242,-60.6604381,-60.6719896,-60.6556881,-60.706671,-60.6937361,-60.699808,-60.6247351,-60.74692,-60.6491215,-60.614853,-60.658549,-60.72291,-60.6663544,-60.616783,-60.712862,-60.6056801,-60.684157,-60.684192,-60.649231,-60.6298137,-60.7686891,-60.748112,-60.7214974,-60.6295045,-60.7026664,-60.707239,-60.7055389,-60.74881,-60.636345,-60.51793,-60.746975,-60.6359999,-60.6088601,-60.7331627,-60.730989,-60.6847367,-60.685341,-60.7773986,-60.797404,-60.689629,-60.600538,-60.795784,-60.6890551,-60.6302295,-60.6310444,-60.693139,-60.611817,-60.7909212,-60.790459,-60.791242,-60.6796318,-60.626042,-60.733814,-60.6910945,-60.667451,-60.710925,-60.6719395,-60.614947,-60.617832,-60.7185826,-60.620943,-60.6319342,-60.6694774,-60.6622687,-60.6547031,-60.6894578,null,-60.6177438,-60.7491098,-60.6916521,-60.693162,-60.6816397,-60.687841,-60.701679,-60.7342947,-60.688882,-60.688783,-60.6279762,-60.627835,-60.6118169,-60.692827,-60.6494389,-60.65662,-60.726191,-60.6785825,-60.6988139,-60.6378347,-60.617454,-60.6701768,-60.631029,-60.6764503,-60.654351,-60.615675,-60.680259,-60.681025,-60.6914759,-60.791832,-60.629573,-60.6773404,-60.678282,-60.6826564,-60.646682,-60.693249,-60.636031,-60.6172626,-60.682791,-60.687234,-60.687573,-60.6499997,-60.6911309,-60.700726,-60.7045668,-60.691081,-60.692338,-60.65865,-60.7260336,-60.7070743,-60.6395986,-60.702983,-60.634446,-60.634361,-60.634564,-60.691314,-60.725813,-60.6270227,-60.703496,-60.570039,-60.6598597,-60.623587,-60.789985,-60.6175851,-60.7034665,-60.6610037,-60.63517,-60.6899468,-60.6887986,-60.64606,-60.690762,-60.6915459,-60.6318593,-60.770882,-60.6579203,-60.669639,-60.7328248,-60.6813527,-60.717186,-60.717266,-60.717374,-60.619543,-60.6882926,-60.7095391,-60.709321,-60.6661133,-60.6287574,-60.695091,-60.628797,-60.468823,-60.666849,-60.7063522,-60.693239,-60.637896,-60.659337,-60.6950041,-60.699398,-60.628546,-60.6931959,-60.879782,-60.731677,-60.572566,-60.6896,-60.7060429,-60.662234,-60.6630529,-60.7261099,-60.6752868,-60.6857983,-60.6356331,-60.6875577,-60.6541474,-60.6999533,-60.6297539,-60.619328,-60.7077055,-60.7516455,-60.692834,-60.7512071,-60.6892087,-60.6905864,-60.669202,-60.6041098,-60.7088705,-60.6872081,-60.7080705,-60.7062267,-60.606295,-60.6843228,-60.7127034,-60.645896,-60.7095984,-60.692864,-60.6963621,-60.755278,-60.6859426,-60.6169853,-60.653893,-60.7138645,-60.6583469,-60.658425,-60.7092411,-60.630186,-60.6586523,-60.7115628,-60.6931598,-60.6135459,-60.622116,-60.6431231,-60.687328,-60.6616702,-60.689496,-60.7040032,-60.72845,-60.6550355,-60.64528,-60.7034429,-60.630431,-60.604321,-60.722225,-60.637846,-60.63783,-60.7266802,-60.709535,-60.6288683,-60.631998,-60.63199,-60.7105114,-60.6115227,-60.611887,-60.7114777,-60.7163446,-60.6892263,-60.6481379,-60.656556,-60.702426,-60.6330292,-60.758621,-60.622843,-60.660559,-60.6673393,-60.6426494,-60.712841,-60.6933283,-60.6089531,-60.607094,-60.6362132,-60.6668367,-60.7049381,-60.7061961,-60.6956466,-60.733821,-60.6840056,-60.703513,-60.719031,-60.6484957,-60.695574,-60.709953,-60.7119488,-60.705265,-60.6041908,-60.6997733,-60.6922551,-60.61175,-60.696979,-60.708825,-60.708846,-60.6899588,-60.7168865,-60.7553395,-60.6908224,-60.7002103,-60.637957,-60.760888,-60.6436825,-60.629401,-60.63547,-60.656674,-60.629511,-60.6649123,-60.6878108,-60.688226,-60.7117568,-60.6716835,-60.7210508,-60.644943,-60.6303298,-60.7494589,-60.6493676,-60.7306639,-60.68978,-60.689539,-60.6248983,-60.625215,-60.6735919,-60.6863179,-60.648948,-60.6565821,-60.726318,-60.6732,-60.6874848,-60.6501767,-60.6942863,-60.6424637,-60.6991553,-60.6889105,-60.6802357,-60.7258951,-60.69163,-60.7007596,-60.7321232,-60.6138059,-60.713889,-60.688895,-60.7323277,-60.630579,-60.690913,-60.6587091,-60.6331596,-60.6844421,-60.691819,-60.6912434,-60.6376257,-60.682103,-60.712765,-60.7004901,-60.6247947,-60.689458,-60.7271688,-60.647431,-60.7691346,-60.7004527,-60.647426,-60.6380286,-60.638286,-60.634308,-60.6462919,-60.6069629,-60.7183186,-60.6851899,-60.6725602,-60.652776,-60.7006817,-60.656873,-60.6424924,-60.7058798,-60.7253893,-60.723591,-60.661941,-60.7089698,-60.629218,-60.63128,-60.7011282,-60.7328845,-60.6531209,-60.6865728,-60.599706,-60.6351575,-60.705045,-60.695077,-60.6591311,-60.6633512,-60.66311,-60.710607,-60.7259471,-60.708372,-60.7855751,-60.6913411,-60.704655,-60.72448,-60.6391993,-60.6813742,-60.62284,-60.7035467,-60.6961859,-60.728822,-60.7104853,-60.6835723,-60.702494,-60.7723823,-60.658441,-60.6360401,-60.636104,-60.7052175,-60.7099395,-60.65592,-60.6864961,-60.686807,-60.6897471,-60.723547,-60.704763,-60.660264,-60.690591,-60.710666,-60.6356061,-60.6859373,-60.695339,-60.695642,-60.695151,-60.7328575,-60.6900723,-60.7300658,-60.7002222,-60.6917641,-60.7155851,-60.652905,-60.741483,-60.664859,-60.618451,-60.639907,-60.689606,-60.7177493,-60.679476,-60.6067553,-60.736566,-60.7490682,-60.591996,-60.71019,-60.818296,-60.6677304,-60.710629,-60.633245,-60.7390684,-60.6424567,-60.642406,-60.6708406,-60.6481934,-60.6841517,-60.616392,-60.636221,-60.629657,-60.701948,-60.6684055,-60.6482214,-60.697019,-60.69753,-60.687317,-60.6875889,-60.7252,-60.7187847,-60.625838,-60.6056151,-60.648221,-60.648293,-60.662037,-60.6604404,-60.7325656,-60.635533,-60.6925811,-60.7112772,-60.7459279,-60.6666199,-60.595689,-60.711444,-60.625427,-60.7910847,-60.689716,-60.6071095,-60.640814,-60.6454086,-60.680498,-60.645512,-60.6894149,-60.6927907,-60.597473,-60.6491928,-60.6697548,-60.6897536,-60.7027451,-60.702873,-60.702542,-60.6355311,-60.6111889,-60.730465,-60.692802,-60.635966,-60.625316,-60.7184924,-60.7034188,-60.6603457,-60.660359,-60.697132,-60.6773398,-60.605544,-60.6887759,-60.704245,-60.7045373,-60.66077,-60.663665,-60.7131757,-60.727691,-60.630268,-60.725013,-60.657002,-60.738687,-60.6924,-60.6863961,-60.6996529,-60.655479,-60.6587469,-60.7059577,-60.6571638,-60.6945889,-60.6913858,-60.733454,-60.7229172,-60.6274006,-60.682091,-60.732275,-60.702688,-60.70687,-60.6653428,-60.670484,-60.6924667,-60.7167596,-60.636235,-60.629131,-60.617538,-60.727807,-60.7059853,-60.7279112,-60.728421,-60.7203,-60.646018,-60.690524,-60.692062,-60.630234,-60.639211],null,null,null,{"interactive":true,"draggable":false,"keyboard":true,"title":"","alt":"","zIndexOffset":0,"opacity":1,"riseOnHover":false,"riseOffset":250},null,null,{"showCoverageOnHover":true,"zoomToBoundsOnClick":true,"spiderfyOnMaxZoom":true,"removeOutsideVisibleBounds":true,"spiderLegPolylineOptions":{"weight":1.5,"color":"#222","opacity":0.5},"freezeAtZoom":false},null,null,{"interactive":false,"permanent":false,"direction":"auto","opacity":1,"offset":[0,0],"textsize":"10px","textOnly":false,"className":"","sticky":true},null]}],"limits":{"lat":[-33.177227,-32.8367379],"lng":[-60.884315,-60.468823]}},"evals":[],"jsHooks":[]}</script>
<script type="application/htmlwidget-sizing" data-for="htmlwidget-45458364e9f4a45c4a87">{"viewer":{"width":"100%","height":400,"padding":0,"fill":true},"browser":{"width":"100%","height":400,"padding":0,"fill":true}}</script>
</body>
</html>
